1.63587
2.2938
1.82405
1.10647
0.959475
2.40317
0.418931
0.465356
2.77156
1.16961
3.39667
2.88659
3.05839
2.67999
2.4437
3.56566
3.3282
1.98545
1.50863
3.31702
3.17476
2.32133
4.20218
3.23432
7.23481
7.28261
10.5058
10.6291
4.15541
8.20566
3.65943
2.75885
3.06468
4.86978
5.1649
4.74916
9.18431
6.61664
5.126
4.7225
3.02059
2.47963
2.29138
5.82767
5.94854
2.79449
3.39758
4.65307
5.61121
4.40117
3.97332
5.34139
3.80289
4.95568
5.46514
5.15191
4.06199
4.80589
2.56396
4.8104
3.74952
6.22692
4.21096
4.31584
4.23525
5.49949
7.41278
3.31844
6.69417
4.67124
3.37916
4.885
5.76017
5.27534
6.01137
6.93676
4.6683
4.88977
5.66336
4.74259
5.89981
4.15786
9.64318
5.4801
6.9087
9.06468
5.24631
5.93935
7.39634
5.14871
7.49918
5.40602
6.53043
6.50258
6.12874
8.13425
5.10947
6.63715
6.91932
5.60292
8.73861
6.27691
6.3135
7.00051
4.0163
6.62813
6.62752
4.40568
6.92411
4.80213
6.67233
5.21894
8.02712
5.55239
6.89732
8.54368
5.42331
7.30772
8.25669
6.04889
9.91298
8.14529
5.71678
7.88756
5.92394
7.61977
7.34787
7.22502
7.79884
6.40874
6.46158
7.79368
7.02385
9.13065
7.8644
10.0486
7.32474
8.52596
9.31084
8.00132
8.2094
9.81288
10.1223
11.1168
11.1127
8.42418
8.23031
8.7371
9.20828
8.23354
9.42765
11.2715
9.00958
8.8877
10.6522
8.50345
9.94387
9.3778
9.71472
12.1932
9.94357
8.8368
10.6857
8.7914
9.30038
7.77939
8.22798
10.3476
8.36275
8.91499
9.11497
9.20171
8.17352
9.04465
10.8579
7.70214
12.8147
8.47657
12.6906
9.80011
8.6996
7.84592
8.27422
10.8603
9.4157
12.0596
8.70204
10.7387
11.459
9.87463
10.0927
7.42712
8.80922
9.6243
10.789
9.40178
10.6024
9.62412
11.8175
12.2995
11.3735
9.72358
8.52486
9.23303
7.75542
8.50765
11.0068
8.77311
8.34699
8.05433
10.4331
8.74524
9.13541
9.71404
9.50036
8.84307
10.5364
11.8477
10.1311
9.64776
11.8238
9.58858
12.3783
11.2648
20.1422
12.3016
13.5204
15.3562
13.557
17.4533
14.0598
18.5374
17.4954
15.7425
18.5534
19.8049
